0.954332
0.24619
0.589397
0.0775725
0.556077
0.507427
0.808697
0.621465
0.636901
0.200408
0.560621
0.945155
0.419177
0.0195646
0.376241
0.98868
0.850957
0.444163
0.422061
0.897531
0.597137
0.0251722
0.48115
0.302063
0.580145
0.201506
0.373419
0.251523
0.173347
0.800185
0.567644
0.0961939
0.0947456
0.833795
0.720544
0.208613
0.576848
0.197181
0.573321
0.79305
0.952625
0.37167
0.846075
0.327835
0.449407
0.738982
0.914475
0.0526456
0.135738
0.0716091
0.587927
0.466451
0.234592
0.822069
0.13674
0.194667
0.854174
0.144095
0.296368
0.0107657
0.990864
0.704921
0.791668
0.100101
0.846064
0.486641
0.713183
0.318394
0.378206
0.740503
0.777565
0.0332154
0.636081
0.539487
0.223549
0.0204382
0.614793
0.331992
0.510894
0.105741
0.583969
0.363298
0.088259
0.171793
0.828071
0.305258
0.963691
0.670071
0.834703
0.908227
0.420578
0.934068
0.195626
0.962784
0.907875
0.632369
0.285141
0.525358
0.818003
0.191948
0.933919
0.633122
0.71426
0.270568
0.0469737
0.572847
0.256565
0.395984
0.101545
0.612009
0.978996
0.478195
0.936186
0.66281
0.877354
0.191861
0.94348
0.412892
0.107722
0.174733
0.837581
0.503241
0.375847
0.59758
0.88054
0.0222425
0.25365
0.605502
0.680433
0.115003
0.772501
0.938848
0.0843043
0.824493
0.448025
0.227771
0.663574
0.150277
0.117025
0.702156
0.524381
0.66166
0.760867
0.567258
0.730827
0.577214
0.363486
0.669823
0.936238
0.0715469
0.864897
0.0331669
0.349929
0.169391
0.88638
0.785733
0.260325
0.318997
0.592958
0.623381
0.824923
0.610276
0.829991
0.14373
0.801749
0.349544
0.137034
0.0142038
0.860923
0.779116
0.836639
0.521817
0.468754
0.442614
0.870215
0.809413
0.723133
0.1067
0.269206
0.298526
0.434629
0.407082
0.333401
0.0175247
0.419871
0.669273
0.562564
0.219273
0.165594
0.943492
0.825931
0.619219
0.638978
0.610223
0.819456
0.212206
0.352916
0.929349
0.811802
0.979935
